# Created by Octave 3.6.4, Mon Dec 15 18:27:57 2014 EET <ilij@hp>
# name: RESULTS
# type: matrix
# rows: 7
# columns: 11
 58 29 13 1 0 0 1 0 0 0 1
 32 28 40 1 0 0 1 0 0 1 1
 15 26 59 1 0 0 1 0 -0.1 0 1
 16 8 76 1 0 0 1 0 -0.1 1 1
 28 38 34 1 0 0 1 0 -0.5 0 1
 58 25 17 1 0 0 1 0 -0.5 1 1
 73 12 15 1 0 0 1 0 -1 0 1


