# Created by Octave 3.6.4, Mon Dec 15 19:28:23 2014 EET <ilij@hp>
# name: RESULTS
# type: matrix
# rows: 400
# columns: 11
 58 29 13 1 0 0 1 0 0 0 1
 32 28 40 1 0 0 1 0 0 1 1
 15 26 59 1 0 0 1 0 -0.1 0 1
 16 8 76 1 0 0 1 0 -0.1 1 1
 28 38 34 1 0 0 1 0 -0.5 0 1
 58 25 17 1 0 0 1 0 -0.5 1 1
 73 12 15 1 0 0 1 0 -1 0 1
 57 21 22 1 0 0 1 0 -1 1 1
 52 25 23 1 0 0 1 0.5 0 0 1
 70 12 18 1 0 0 1 0.5 0 1 1
 8 30 62 1 0 0 1 0.5 -0.1 0 1
 10 30 60 1 0 0 1 0.5 -0.1 1 1
 30 23 47 1 0 0 1 0.5 -0.5 0 1
 16 30 54 1 0 0 1 0.5 -0.5 1 1
 25 35 40 1 0 0 1 0.5 -1 0 1
 22 43 35 1 0 0 1 0.5 -1 1 1
 55 30 15 1 0 0.1 1 0 0 0 1
 90 4 6 1 0 0.1 1 0 0 1 1
 87 8 5 1 0 0.1 1 0 -0.1 0 1
 79 6 15 1 0 0.1 1 0 -0.1 1 1
 89 5 6 1 0 0.1 1 0 -0.5 0 1
 85 6 9 1 0 0.1 1 0 -0.5 1 1
 89 7 4 1 0 0.1 1 0 -1 0 1
 87 2 11 1 0 0.1 1 0 -1 1 1
 79 16 5 1 0 0.1 1 0.5 0 0 1
 67 17 16 1 0 0.1 1 0.5 0 1 1
 83 8 9 1 0 0.1 1 0.5 -0.1 0 1
 88 6 6 1 0 0.1 1 0.5 -0.1 1 1
 93 3 4 1 0 0.1 1 0.5 -0.5 0 1
 60 17 23 1 0 0.1 1 0.5 -0.5 1 1
 89 6 5 1 0 0.1 1 0.5 -1 0 1
 67 19 14 1 0 0.1 1 0.5 -1 1 1
 93 7 0 1 0 1 1 0 0 0 1
 81 12 7 1 0 1 1 0 0 1 1
 67 17 16 1 0 1 1 0 -0.1 0 1
 55 31 14 1 0 1 1 0 -0.1 1 1
 90 7 3 1 0 1 1 0 -0.5 0 1
 89 11 0 1 0 1 1 0 -0.5 1 1
 93 6 1 1 0 1 1 0 -1 0 1
 87 10 3 1 0 1 1 0 -1 1 1
 83 11 6 1 0 1 1 0.5 0 0 1
 91 7 2 1 0 1 1 0.5 0 1 1
 82 5 13 1 0 1 1 0.5 -0.1 0 1
 83 9 8 1 0 1 1 0.5 -0.1 1 1
 82 11 7 1 0 1 1 0.5 -0.5 0 1
 80 9 11 1 0 1 1 0.5 -0.5 1 1
 91 1 8 1 0 1 1 0.5 -1 0 1
 85 11 4 1 0 1 1 0.5 -1 1 1
 82 14 4 1 0 2 1 0 0 0 1
 86 11 3 1 0 2 1 0 0 1 1
 95 1 4 1 0 2 1 0 -0.1 0 1
 85 8 7 1 0 2 1 0 -0.1 1 1
 96 3 1 1 0 2 1 0 -0.5 0 1
 89 7 4 1 0 2 1 0 -0.5 1 1
 97 2 1 1 0 2 1 0 -1 0 1
 86 5 9 1 0 2 1 0 -1 1 1
 90 6 4 1 0 2 1 0.5 0 0 1
 78 8 14 1 0 2 1 0.5 0 1 1
 86 6 8 1 0 2 1 0.5 -0.1 0 1
 82 13 5 1 0 2 1 0.5 -0.1 1 1
 95 5 0 1 0 2 1 0.5 -0.5 0 1
 93 5 2 1 0 2 1 0.5 -0.5 1 1
 95 0 5 1 0 2 1 0.5 -1 0 1
 87 7 6 1 0 2 1 0.5 -1 1 1
 92 4 4 1 0 3 1 0 0 0 1
 91 3 6 1 0 3 1 0 0 1 1
 90 6 4 1 0 3 1 0 -0.1 0 1
 75 12 13 1 0 3 1 0 -0.1 1 1
 94 0 6 1 0 3 1 0 -0.5 0 1
 85 8 7 1 0 3 1 0 -0.5 1 1
 95 3 2 1 0 3 1 0 -1 0 1
 93 4 3 1 0 3 1 0 -1 1 1
 85 7 8 1 0 3 1 0.5 0 0 1
 71 14 15 1 0 3 1 0.5 0 1 1
 89 2 9 1 0 3 1 0.5 -0.1 0 1
 59 13 28 1 0 3 1 0.5 -0.1 1 1
 87 7 6 1 0 3 1 0.5 -0.5 0 1
 88 10 2 1 0 3 1 0.5 -0.5 1 1
 86 9 5 1 0 3 1 0.5 -1 0 1
 86 9 5 1 0 3 1 0.5 -1 1 1
 59 33 8 1 0.001 0 1 0 0 0 1
 25 44 31 1 0.001 0 1 0 0 1 1
 68 19 13 1 0.001 0 1 0 -0.1 0 1
 66 19 15 1 0.001 0 1 0 -0.1 1 1
 25 35 40 1 0.001 0 1 0 -0.5 0 1
 28 34 38 1 0.001 0 1 0 -0.5 1 1
 2 30 68 1 0.001 0 1 0 -1 0 1
 27 46 27 1 0.001 0 1 0 -1 1 1
 24 42 34 1 0.001 0 1 0.5 0 0 1
 25 45 30 1 0.001 0 1 0.5 0 1 1
 43 29 28 1 0.001 0 1 0.5 -0.1 0 1
 51 28 21 1 0.001 0 1 0.5 -0.1 1 1
 6 45 49 1 0.001 0 1 0.5 -0.5 0 1
 4 18 78 1 0.001 0 1 0.5 -0.5 1 1
 22 49 29 1 0.001 0 1 0.5 -1 0 1
 30 8 62 1 0.001 0 1 0.5 -1 1 1
 87 4 9 1 0.001 0.1 1 0 0 0 1
 83 13 4 1 0.001 0.1 1 0 0 1 1
 74 16 10 1 0.001 0.1 1 0 -0.1 0 1
 85 9 6 1 0.001 0.1 1 0 -0.1 1 1
 91 8 1 1 0.001 0.1 1 0 -0.5 0 1
 87 7 6 1 0.001 0.1 1 0 -0.5 1 1
 93 4 3 1 0.001 0.1 1 0 -1 0 1
 57 18 25 1 0.001 0.1 1 0 -1 1 1
 82 7 11 1 0.001 0.1 1 0.5 0 0 1
 49 26 25 1 0.001 0.1 1 0.5 0 1 1
 88 7 5 1 0.001 0.1 1 0.5 -0.1 0 1
 77 8 15 1 0.001 0.1 1 0.5 -0.1 1 1
 94 3 3 1 0.001 0.1 1 0.5 -0.5 0 1
 80 16 4 1 0.001 0.1 1 0.5 -0.5 1 1
 91 7 2 1 0.001 0.1 1 0.5 -1 0 1
 83 9 8 1 0.001 0.1 1 0.5 -1 1 1
 92 3 5 1 0.001 1 1 0 0 0 1
 71 13 16 1 0.001 1 1 0 0 1 1
 76 15 9 1 0.001 1 1 0 -0.1 0 1
 83 9 8 1 0.001 1 1 0 -0.1 1 1
 80 13 7 1 0.001 1 1 0 -0.5 0 1
 90 4 6 1 0.001 1 1 0 -0.5 1 1
 98 1 1 1 0.001 1 1 0 -1 0 1
 82 9 9 1 0.001 1 1 0 -1 1 1
 90 2 8 1 0.001 1 1 0.5 0 0 1
 72 17 11 1 0.001 1 1 0.5 0 1 1
 90 8 2 1 0.001 1 1 0.5 -0.1 0 1
 83 14 3 1 0.001 1 1 0.5 -0.1 1 1
 92 7 1 1 0.001 1 1 0.5 -0.5 0 1
 78 12 10 1 0.001 1 1 0.5 -0.5 1 1
 84 7 9 1 0.001 1 1 0.5 -1 0 1
 77 10 13 1 0.001 1 1 0.5 -1 1 1
 89 8 3 1 0.001 2 1 0 0 0 1
 85 7 8 1 0.001 2 1 0 0 1 1
 91 4 5 1 0.001 2 1 0 -0.1 0 1
 75 14 11 1 0.001 2 1 0 -0.1 1 1
 83 9 8 1 0.001 2 1 0 -0.5 0 1
 89 9 2 1 0.001 2 1 0 -0.5 1 1
 84 9 7 1 0.001 2 1 0 -1 0 1
 91 2 7 1 0.001 2 1 0 -1 1 1
 95 2 3 1 0.001 2 1 0.5 0 0 1
 81 16 3 1 0.001 2 1 0.5 0 1 1
 80 7 13 1 0.001 2 1 0.5 -0.1 0 1
 83 14 3 1 0.001 2 1 0.5 -0.1 1 1
 90 6 4 1 0.001 2 1 0.5 -0.5 0 1
 88 11 1 1 0.001 2 1 0.5 -0.5 1 1
 92 7 1 1 0.001 2 1 0.5 -1 0 1
 81 14 5 1 0.001 2 1 0.5 -1 1 1
 91 6 3 1 0.001 3 1 0 0 0 1
 83 8 9 1 0.001 3 1 0 0 1 1
 86 9 5 1 0.001 3 1 0 -0.1 0 1
 67 22 11 1 0.001 3 1 0 -0.1 1 1
 93 4 3 1 0.001 3 1 0 -0.5 0 1
 87 4 9 1 0.001 3 1 0 -0.5 1 1
 86 7 7 1 0.001 3 1 0 -1 0 1
 86 7 7 1 0.001 3 1 0 -1 1 1
 88 6 6 1 0.001 3 1 0.5 0 0 1
 65 29 6 1 0.001 3 1 0.5 0 1 1
 87 9 4 1 0.001 3 1 0.5 -0.1 0 1
 80 9 11 1 0.001 3 1 0.5 -0.1 1 1
 92 2 6 1 0.001 3 1 0.5 -0.5 0 1
 89 4 7 1 0.001 3 1 0.5 -0.5 1 1
 83 2 15 1 0.001 3 1 0.5 -1 0 1
 84 12 4 1 0.001 3 1 0.5 -1 1 1
 23 38 39 1 0.01 0 1 0 0 0 1
 59 19 22 1 0.01 0 1 0 0 1 1
 32 27 41 1 0.01 0 1 0 -0.1 0 1
 46 28 26 1 0.01 0 1 0 -0.1 1 1
 70 15 15 1 0.01 0 1 0 -0.5 0 1
 38 20 42 1 0.01 0 1 0 -0.5 1 1
 47 16 37 1 0.01 0 1 0 -1 0 1
 54 18 28 1 0.01 0 1 0 -1 1 1
 39 17 44 1 0.01 0 1 0.5 0 0 1
 40 11 49 1 0.01 0 1 0.5 0 1 1
 38 43 19 1 0.01 0 1 0.5 -0.1 0 1
 5 46 49 1 0.01 0 1 0.5 -0.1 1 1
 29 17 54 1 0.01 0 1 0.5 -0.5 0 1
 40 15 45 1 0.01 0 1 0.5 -0.5 1 1
 62 18 20 1 0.01 0 1 0.5 -1 0 1
 57 23 20 1 0.01 0 1 0.5 -1 1 1
 86 8 6 1 0.01 0.1 1 0 0 0 1
 82 10 8 1 0.01 0.1 1 0 0 1 1
 91 1 8 1 0.01 0.1 1 0 -0.1 0 1
 46 28 26 1 0.01 0.1 1 0 -0.1 1 1
 86 9 5 1 0.01 0.1 1 0 -0.5 0 1
 90 6 4 1 0.01 0.1 1 0 -0.5 1 1
 82 7 11 1 0.01 0.1 1 0 -1 0 1
 88 8 4 1 0.01 0.1 1 0 -1 1 1
 84 12 4 1 0.01 0.1 1 0.5 0 0 1
 74 10 16 1 0.01 0.1 1 0.5 0 1 1
 78 12 10 1 0.01 0.1 1 0.5 -0.1 0 1
 20 46 34 1 0.01 0.1 1 0.5 -0.1 1 1
 83 12 5 1 0.01 0.1 1 0.5 -0.5 0 1
 79 10 11 1 0.01 0.1 1 0.5 -0.5 1 1
 72 14 14 1 0.01 0.1 1 0.5 -1 0 1
 40 18 42 1 0.01 0.1 1 0.5 -1 1 1
 91 6 3 1 0.01 1 1 0 0 0 1
 69 15 16 1 0.01 1 1 0 0 1 1
 91 7 2 1 0.01 1 1 0 -0.1 0 1
 87 5 8 1 0.01 1 1 0 -0.1 1 1
 94 4 2 1 0.01 1 1 0 -0.5 0 1
 82 12 6 1 0.01 1 1 0 -0.5 1 1
 96 3 1 1 0.01 1 1 0 -1 0 1
 67 18 15 1 0.01 1 1 0 -1 1 1
 78 13 9 1 0.01 1 1 0.5 0 0 1
 83 9 8 1 0.01 1 1 0.5 0 1 1
 90 4 6 1 0.01 1 1 0.5 -0.1 0 1
 88 12 0 1 0.01 1 1 0.5 -0.1 1 1
 87 11 2 1 0.01 1 1 0.5 -0.5 0 1
 76 10 14 1 0.01 1 1 0.5 -0.5 1 1
 83 9 8 1 0.01 1 1 0.5 -1 0 1
 76 11 13 1 0.01 1 1 0.5 -1 1 1
 93 5 2 1 0.01 2 1 0 0 0 1
 85 9 6 1 0.01 2 1 0 0 1 1
 87 6 7 1 0.01 2 1 0 -0.1 0 1
 79 13 8 1 0.01 2 1 0 -0.1 1 1
 88 9 3 1 0.01 2 1 0 -0.5 0 1
 84 8 8 1 0.01 2 1 0 -0.5 1 1
 91 5 4 1 0.01 2 1 0 -1 0 1
 74 9 17 1 0.01 2 1 0 -1 1 1
 77 13 10 1 0.01 2 1 0.5 0 0 1
 84 9 7 1 0.01 2 1 0.5 0 1 1
 85 7 8 1 0.01 2 1 0.5 -0.1 0 1
 73 12 15 1 0.01 2 1 0.5 -0.1 1 1
 93 5 2 1 0.01 2 1 0.5 -0.5 0 1
 77 13 10 1 0.01 2 1 0.5 -0.5 1 1
 69 23 8 1 0.01 2 1 0.5 -1 0 1
 90 9 1 1 0.01 2 1 0.5 -1 1 1
 55 20 25 1 0.01 3 1 0 0 0 1
 82 13 5 1 0.01 3 1 0 0 1 1
 76 11 13 1 0.01 3 1 0 -0.1 0 1
 68 15 17 1 0.01 3 1 0 -0.1 1 1
 84 10 6 1 0.01 3 1 0 -0.5 0 1
 82 11 7 1 0.01 3 1 0 -0.5 1 1
 83 11 6 1 0.01 3 1 0 -1 0 1
 80 5 15 1 0.01 3 1 0 -1 1 1
 88 4 8 1 0.01 3 1 0.5 0 0 1
 83 12 5 1 0.01 3 1 0.5 0 1 1
 91 7 2 1 0.01 3 1 0.5 -0.1 0 1
 83 9 8 1 0.01 3 1 0.5 -0.1 1 1
 92 4 4 1 0.01 3 1 0.5 -0.5 0 1
 75 11 14 1 0.01 3 1 0.5 -0.5 1 1
 49 23 28 1 0.01 3 1 0.5 -1 0 1
 83 9 8 1 0.01 3 1 0.5 -1 1 1
 26 23 51 1 0.1 0 1 0 0 0 1
 24 22 54 1 0.1 0 1 0 0 1 1
 29 16 55 1 0.1 0 1 0 -0.1 0 1
 30 26 44 1 0.1 0 1 0 -0.1 1 1
 40 16 44 1 0.1 0 1 0 -0.5 0 1
 44 30 26 1 0.1 0 1 0 -0.5 1 1
 63 27 10 1 0.1 0 1 0 -1 0 1
 4 41 55 1 0.1 0 1 0 -1 1 1
 61 19 20 1 0.1 0 1 0.5 0 0 1
 8 15 77 1 0.1 0 1 0.5 0 1 1
 41 42 17 1 0.1 0 1 0.5 -0.1 0 1
 52 21 27 1 0.1 0 1 0.5 -0.1 1 1
 24 44 32 1 0.1 0 1 0.5 -0.5 0 1
 53 19 28 1 0.1 0 1 0.5 -0.5 1 1
 26 55 19 1 0.1 0 1 0.5 -1 0 1
 16 17 67 1 0.1 0 1 0.5 -1 1 1
 91 7 2 1 0.1 0.1 1 0 0 0 1
 74 13 13 1 0.1 0.1 1 0 0 1 1
 90 8 2 1 0.1 0.1 1 0 -0.1 0 1
