# Created by Octave 3.6.4, Wed Dec 17 22:36:24 2014 EET <ilij@hp>
# name: LEARNING_DATASIZE
# type: scalar
-1


# name: LEARNING_INPUT
# type: matrix
# rows: 342
# columns: 9
 2 1 1 2 1 0 0 2 1
 1 1 2 0 1 2 1 2 0
 0 2 1 2 1 1 2 1 0
 2 1 2 1 2 0 1 1 0
 0 1 0 2 2 1 1 1 2
 0 1 1 2 2 1 2 1 0
 2 0 1 2 1 1 0 1 2
 0 2 1 1 0 2 1 2 1
 0 2 2 0 1 1 1 1 2
 2 2 0 1 2 1 0 1 1
 0 0 2 1 2 1 1 2 1
 2 1 2 1 0 1 2 1 0
 1 2 2 1 2 0 0 1 1
 1 2 2 0 1 2 1 1 0
 0 1 2 2 2 1 0 1 1
 0 1 2 2 2 1 0 1 1
 0 0 2 2 1 1 2 1 1
 1 1 2 2 2 1 0 1 0
 0 2 2 1 1 2 0 1 1
 2 1 2 1 2 1 1 0 0
 1 2 1 1 0 0 2 2 1
 2 0 1 2 2 1 1 1 0
 0 2 2 1 2 1 1 1 0
 2 2 1 0 1 0 2 1 1
 0 2 2 2 1 1 0 1 1
 1 0 2 0 2 1 1 2 1
 2 1 2 1 2 0 1 1 0
 2 2 1 1 0 1 1 2 0
 0 2 2 1 1 0 2 1 1
 0 2 1 2 1 1 2 1 0
 1 1 0 0 2 2 1 2 1
 0 1 1 2 2 1 1 0 2
 0 1 2 1 0 1 2 2 1
 0 2 0 1 2 1 1 1 2
 0 1 2 1 0 1 2 1 2
 1 2 0 1 2 1 2 1 0
 0 0 1 1 2 1 2 1 2
 2 0 0 1 2 1 1 2 1
 1 0 2 2 1 0 1 1 2
 2 0 1 1 2 1 2 1 0
 2 1 2 1 0 2 1 1 0
 0 1 1 2 2 0 1 2 1
 1 1 0 0 2 2 1 2 1
 2 1 1 2 0 2 1 0 1
 1 2 1 0 1 1 0 2 2
 1 1 0 1 2 2 0 1 2
 0 1 2 1 2 1 1 0 2
 0 1 1 1 2 1 2 2 0
 0 1 1 1 2 0 1 2 2
 1 1 2 2 2 1 0 0 1
 2 0 1 1 2 2 1 1 0
 0 1 2 1 2 2 1 1 0
 2 1 1 2 1 1 0 2 0
 0 1 2 2 1 1 2 0 1
 2 1 2 2 1 1 0 0 1
 0 1 1 1 2 0 2 1 2
 1 1 0 0 1 2 1 2 2
 2 1 2 1 2 1 1 0 0
 1 0 1 2 1 1 2 2 0
 1 1 2 2 1 2 1 0 0
 1 1 0 2 1 1 2 2 0
 1 2 2 0 1 2 1 1 0
 2 1 1 1 2 2 1 0 0
 0 1 0 2 1 1 2 2 1
 0 2 2 2 1 1 1 0 1
 0 1 1 2 0 2 1 2 1
 0 2 2 2 1 1 1 1 0
 1 1 2 0 1 0 1 2 2
 2 1 2 1 2 0 1 1 0
 1 2 0 1 2 0 2 1 1
 0 2 2 1 1 2 1 0 1
 2 1 1 1 1 0 2 2 0
 1 1 2 0 1 1 2 2 0
 1 1 2 1 2 2 0 0 1
 1 1 0 2 1 2 1 0 2
 0 1 2 1 2 1 1 0 2
 2 1 1 1 0 0 2 1 2
 2 1 1 1 0 1 2 2 0
 0 2 2 2 1 1 1 0 1
 0 2 1 2 1 1 2 1 0
 0 1 1 2 0 1 2 1 2
 0 2 1 1 0 2 1 2 1
 0 1 2 1 2 2 0 1 1
 0 2 2 2 1 1 1 1 0
 0 1 2 1 1 2 1 2 0
 1 0 0 2 1 2 1 1 2
 2 0 1 1 2 1 2 1 0
 0 1 1 2 2 1 1 0 2
 1 0 1 2 1 1 0 2 2
 0 1 2 1 2 1 0 2 1
 1 1 0 2 1 1 2 2 0
 2 1 2 1 0 1 2 1 0
 2 1 1 2 0 2 1 1 0
 1 2 1 2 0 2 1 0 1
 2 2 0 2 1 1 1 1 0
 1 0 1 2 1 1 2 0 2
 1 1 2 1 1 0 2 2 0
 1 1 2 1 2 2 0 0 1
 1 1 2 2 2 1 0 1 0
 0 2 0 1 2 1 1 1 2
 2 0 2 2 1 1 1 1 0
 1 1 2 1 0 2 2 0 1
 1 1 0 2 2 1 2 1 0
 0 1 0 2 1 1 2 2 1
 0 1 1 0 2 2 1 2 1
 1 2 2 1 2 1 0 1 0
 2 0 1 2 2 1 1 1 0
 1 0 1 2 2 1 1 2 0
 2 1 1 1 2 1 2 0 0
 0 1 1 0 2 1 2 1 2
 0 2 1 1 2 2 1 0 1
 1 0 0 2 1 2 1 1 2
 0 2 2 2 1 1 1 1 0
 0 2 2 1 0 1 1 1 2
 2 2 1 1 0 0 1 1 2
 1 0 2 2 1 2 1 1 0
 2 1 1 1 2 1 0 2 0
 1 2 1 1 0 2 0 2 1
 0 2 2 1 2 1 1 1 0
 1 1 0 2 2 1 2 0 1
 1 2 2 0 1 2 1 1 0
 1 1 0 1 2 0 2 1 2
 1 1 2 0 2 1 0 1 2
 0 2 2 1 2 1 1 1 0
 1 1 2 2 2 0 1 1 0
 1 2 2 1 2 1 0 1 0
 0 1 1 1 2 0 1 2 2
 1 2 1 1 2 1 2 0 0
 0 1 1 0 2 2 1 2 1
 1 1 2 2 2 1 0 1 0
 1 2 1 0 1 1 2 2 0
 2 1 0 2 0 1 1 1 2
 0 1 2 1 1 2 1 2 0
 1 0 1 2 0 2 2 1 1
 0 1 2 1 1 0 1 2 2
 1 0 1 0 2 1 1 2 2
 1 2 2 1 2 0 0 1 1
 1 2 2 1 0 1 2 0 1
 0 1 2 1 2 2 1 1 0
 1 2 1 0 1 1 2 2 0
 1 2 1 2 2 0 0 1 1
 1 1 2 1 1 2 2 0 0
 2 1 2 1 2 0 0 1 1
 0 1 1 2 1 2 2 0 1
 1 1 2 0 2 2 1 0 1
 0 2 0 1 2 1 2 1 1
 2 1 1 1 2 1 2 0 0
 1 2 1 0 2 2 1 1 0
 0 1 1 2 1 1 0 2 2
 1 2 2 1 2 1 0 1 0
 2 2 1 0 2 1 1 1 0
 1 1 2 1 2 1 0 2 0
 1 2 0 1 2 1 2 1 0
 0 1 0 2 1 1 2 2 1
 2 1 0 1 2 1 2 0 1
 2 1 1 1 2 1 2 0 0
 2 1 2 1 1 2 1 0 0
 2 1 2 1 0 1 1 0 2
 0 1 1 2 2 1 2 1 0
 2 1 0 1 0 1 1 2 2
 2 2 1 1 0 1 1 2 0
 2 2 1 0 2 1 1 1 0
 0 2 2 2 1 1 1 1 0
 0 1 2 2 1 1 2 0 1
 2 1 1 1 2 1 2 0 0
 0 2 1 2 1 0 2 1 1
 0 1 2 2 1 1 2 0 1
 0 1 1 0 2 2 1 2 1
 0 2 2 0 1 1 1 2 1
 0 1 2 1 0 1 2 2 1
 1 2 1 1 1 0 2 2 0
 2 1 1 2 0 1 1 0 2
 1 2 1 0 1 1 0 2 2
 0 2 0 1 1 2 1 1 2
 1 0 1 2 2 1 1 2 0
 0 1 1 0 2 1 1 2 2
 2 0 2 2 1 1 1 1 0
 1 1 2 0 0 1 2 1 2
 2 0 2 1 0 1 1 2 1
 2 0 2 2 1 1 1 1 0
 1 2 1 2 2 0 1 1 0
 0 1 0 2 2 1 1 1 2
 2 1 1 2 0 2 1 1 0
 0 1 1 1 2 1 2 2 0
 0 2 2 0 1 1 1 2 1
 1 0 1 1 1 2 0 2 2
 0 2 1 1 2 0 1 1 2
 1 1 2 0 0 1 2 1 2
 0 1 1 2 1 0 2 2 1
 0 1 1 2 2 0 1 2 1
 0 2 2 2 1 1 0 1 1
 0 1 1 2 1 0 2 2 1
 2 2 0 1 1 2 1 0 1
 0 1 1 2 2 1 2 1 0
 2 2 1 1 0 0 1 2 1
 2 0 1 2 0 1 1 1 2
 0 1 0 1 2 1 2 2 1
 1 1 0 2 1 1 2 2 0
 2 2 0 1 1 2 1 1 0
 0 2 1 1 0 1 1 2 2
 1 2 0 1 2 1 2 1 0
 1 1 0 2 1 1 2 2 0
 0 1 1 2 1 1 0 2 2
 1 1 0 2 2 1 2 1 0
 0 2 2 2 1 1 1 1 0
 1 1 2 0 2 1 0 2 1
 2 2 0 2 1 1 1 1 0
 2 1 2 0 2 1 1 1 0
 2 1 2 2 0 1 0 1 1
 2 1 1 0 2 2 1 0 1
 0 1 0 1 2 2 2 1 1
 0 0 1 2 1 1 2 1 2
 0 1 1 0 2 1 2 1 2
 1 2 2 1 2 1 0 1 0
 1 1 2 0 1 1 2 2 0
 0 1 2 1 2 2 1 1 0
 1 1 2 2 2 1 0 1 0
 2 1 0 0 1 1 2 2 1
 1 1 0 2 1 2 1 0 2
 2 1 0 1 0 1 2 1 2
 1 1 0 1 2 0 2 2 1
 0 2 2 1 1 2 1 0 1
 0 1 2 2 1 1 2 0 1
 1 2 0 2 2 1 1 0 1
 1 2 1 0 0 2 1 2 1
 1 1 2 1 1 2 0 2 0
 2 1 2 1 2 0 1 1 0
 0 2 2 0 1 1 1 2 1
 0 1 1 2 2 1 2 1 0
 1 0 1 2 1 1 2 2 0
 2 1 2 1 1 2 1 0 0
 1 2 0 0 1 2 1 1 2
 0 1 2 1 0 2 2 1 1
 0 2 1 0 2 1 1 1 2
 1 0 1 1 1 2 2 2 0
 0 1 1 1 2 1 2 2 0
 0 0 2 1 2 1 1 1 2
 0 0 2 1 2 1 1 2 1
 2 0 2 1 1 0 2 1 1
 2 2 0 1 1 2 1 1 0
 1 1 0 1 2 2 2 1 0
 2 1 1 2 2 1 1 0 0
 1 2 2 1 0 1 0 2 1
 0 1 1 0 2 1 1 2 2
 1 1 2 1 1 2 0 2 0
 1 1 2 2 1 0 1 0 2
 2 1 1 1 2 0 2 1 0
 2 2 1 1 2 1 0 1 0
 0 0 2 1 2 1 1 1 2
 2 0 1 0 1 2 2 1 1
 0 1 1 1 2 2 0 1 2
 1 1 2 2 2 1 0 1 0
 2 2 0 2 1 1 1 1 0
 0 2 0 1 2 1 2 1 1
 0 1 2 1 0 1 2 1 2
 0 1 1 1 1 2 0 2 2
 2 2 0 1 1 2 1 0 1
 2 1 1 1 2 2 0 1 0
 2 2 0 1 2 1 0 1 1
 2 1 1 2 2 0 1 0 1
 0 2 0 1 2 1 2 1 1
 0 1 1 2 2 1 2 1 0
 0 2 2 0 1 1 1 2 1
 1 1 2 1 1 2 0 2 0
 2 1 2 1 0 2 1 1 0
 0 1 2 1 2 2 0 1 1
 2 1 2 1 0 0 2 1 1
 0 1 2 1 1 2 1 2 0
 1 2 1 1 1 0 2 0 2
 2 2 1 1 0 1 0 1 2
 2 1 1 1 1 0 2 2 0
 2 1 0 1 2 1 2 0 1
 0 1 1 0 2 2 1 2 1
 2 1 1 1 2 1 0 2 0
 1 1 0 1 1 2 2 2 0
 0 2 0 1 1 2 1 1 2
 0 2 2 0 1 1 2 1 1
 2 0 1 2 0 1 1 1 2
 2 1 2 1 1 2 1 0 0
 2 2 0 1 1 0 1 1 2
 0 2 2 0 1 1 1 1 2
 0 2 2 2 1 1 1 0 1
 0 2 0 1 2 1 2 1 1
 1 2 1 0 2 2 1 1 0
 1 1 2 0 1 1 2 2 0
 1 1 2 2 2 0 1 1 0
 0 1 1 2 0 2 1 2 1
 0 1 2 1 2 2 1 1 0
 1 2 2 0 1 2 1 1 0
 0 1 1 1 2 0 1 2 2
 1 1 0 2 1 2 1 0 2
 1 1 2 1 1 0 2 2 0
 2 1 1 1 2 2 0 1 0
 2 1 1 2 2 0 1 0 1
 1 1 0 2 1 1 2 2 0
 2 1 1 2 1 1 0 2 0
 0 0 1 1 2 2 1 2 1
 1 1 2 2 0 1 2 1 0
 2 2 1 0 1 1 2 1 0
 1 2 1 2 2 1 1 0 0
 2 2 1 1 0 1 0 1 2
 0 2 1 2 1 1 2 1 0
 1 2 1 1 2 0 2 0 1
 2 1 0 1 0 1 1 2 2
 1 0 1 0 2 2 2 1 1
 2 1 2 1 2 1 1 0 0
 1 2 1 1 2 0 2 0 1
 2 0 1 2 2 1 1 1 0
 0 2 1 1 0 1 1 2 2
 0 2 2 1 1 0 1 2 1
 2 1 1 1 0 1 2 2 0
 2 1 0 1 2 2 1 1 0
 2 1 1 2 2 1 1 0 0
 1 2 1 0 2 1 1 0 2
 1 2 0 1 0 1 2 2 1
 1 1 2 1 1 2 2 0 0
 2 1 1 2 1 2 0 0 1
 1 0 2 2 1 2 1 1 0
 1 2 1 2 0 2 1 1 0
 1 1 2 2 1 2 1 0 0
 1 1 2 0 1 0 1 2 2
 1 1 0 2 2 1 2 1 0
 1 2 2 1 1 2 0 1 0
 0 1 1 2 1 0 2 2 1
 0 1 1 2 2 1 0 1 2
 1 0 2 1 1 2 2 1 0
 0 0 1 2 2 1 1 1 2
 1 2 1 2 0 1 1 2 0
 1 2 1 2 0 2 1 1 0
 0 0 1 1 2 1 2 1 2
 1 2 1 0 2 2 1 1 0
 2 1 2 1 1 2 1 0 0
 1 2 1 2 2 0 1 1 0
 0 1 1 2 2 1 0 1 2
 2 1 1 1 2 1 2 0 0
 0 2 2 0 1 1 2 1 1
 2 2 1 1 2 1 0 1 0
 0 1 1 2 0 2 1 2 1
 0 1 1 0 2 1 1 2 2
 0 0 1 2 2 1 1 1 2
 1 2 2 0 1 2 1 1 0
 2 0 1 2 1 2 0 1 1


