# Created by Octave 3.6.4, Mon Dec 15 18:21:50 2014 EET <ilij@hp>
# name: player1_nn_lsizes
# type: global matrix
# rows: 1
# columns: 3
 18 50 9


# name: player1_nn_params
# type: global matrix
# rows: 1409
# columns: 1
 0.5074075062472687
 -1.028028366671008
 0.3272190880260298
 -1.236572884903156
 1.298179203323483
 -1.047172658475625
 -0.3086876499064124
 1.203512943101028
 0.7570896108853176
 -1.300323070632238
 0.163223983053368
 -0.7481370882907274
 0.4508899634330691
 -1.072358541818107
 -1.432227676661949
 -1.150465750509458
 -0.8544438702903269
 0.5766504219664811
 -1.04858828682345
 1.041929747045787
 0.4239879047039311
 -0.5791272816208924
 -0.8785626697060248
 0.1872159063835142
 -0.158078509437929
 0.1860927073149458
 0.3469767530353081
 -0.5569873646156678
 -0.4714103093477867
 0.9253942376773866
 0.2900586760651398
 -1.141712204763222
 -0.8199990237228196
 -0.4747864087891253
 -1.313321822032183
 1.142857609781565
 0.4343704951231181
 0.9847461559810562
 -0.3153740789194026
 -1.278279590835275
 0.935733068137678
 -0.8214983813229306
 -0.7732037675371268
 0.9656660926466352
 -1.050724417504922
 0.7105582192101149
 0.6905266304462451
 0.6657416535771026
 0.1953135757538225
 -0.6837426274630588
 0.1960867702871109
 -0.06954294297596517
 0.6308749494712707
 -0.1193775283678093
 -0.4175535256951018
 1.95076944364707
 0.1920870500278535
 -2.033970887585108
 -1.542583515640904
 0.1167915276084844
 -0.8883426212036207
 0.03876988816056787
 -0.297652647393915
 0.01855117258831393
 0.2919201619342154
 -0.3115609339808245
 1.565207992661737
 -1.293220907765366
 1.876092211005871
 0.2860526601407281
 -0.02877607201550714
 -0.2693080157910726
 -0.4717683183214703
 -0.8806770424407971
 -0.5895024616571939
 -0.7862290470387847
 -0.6096178559080798
 0.5752098813472312
 -0.3707016676275174
 -1.677169208557889
 -0.9367951272715451
 1.375045131931706
 1.423631100428658
 -0.09947283362667377
 -0.09164651296269954
 -1.118201943038752
 -1.019819758694898
 -1.737248898923076
 -0.632369471346793
 1.685379830172618
 -1.589462578821642
 -0.2533091642964493
 -0.2548371442532337
 0.2242032211887617
 0.3768641482332695
 0.4111012960143974
 -0.01364418660996848
 -1.430763596484627
 -0.7644182638710906
 -0.0817717398551215
 0.09896625620803941
 -0.08268562186476583
 0.0590653099689445
 0.06993993591570639
 -0.006800628327873637
 -0.04480361648385865
 0.03479630069556178
 0.02270656512617304
 -0.04533161040954283
 0.04126290156621725
 -0.05090018530003593
 0.05802128542569262
 -0.09927474109023583
 -0.007565392570666254
 -0.000571346608695576
 0.05269919483385102
 -0.03912530183173107
 -0.07124459051109032
 0.03624013475176451
 0.01748122189135991
 0.05380048651869419
 -0.03050613633745265
 -0.0007150378833412767
 0.03198491377425358
 -0.05030933543213419
 0.01925868945624807
 -0.02038776043097498
 0.1065421972406854
 0.07362170614777074
 -0.01358867096901994
 0.04272197285254094
 0.1040431904560273
 -0.05064740473987109
 -0.1125510580047276
 -0.1080981533620892
 -0.0397616050656193
 0.07086679806987788
 0.0008245902617140376
 -0.1082960396787164
 0.01276390238828998
 -0.01539196093140949
 0.07694113942230646
 -0.07016604702031957
 -0.08794000462103314
 -0.01701610975994359
 -0.0008297035960061519
 0.04321280430153029
 -0.07196439477590472
 0.08202796128171658
 0.06255017577880891
 -0.1587135110805977
 0.01501239259404682
 0.08033403967576731
 0.1216295544282041
 -0.1284312238854411
 0.1908208403389826
 -0.3174931937521202
 0.06711180692330236
 -0.1115943981163955
 0.09404340981115902
 0.05351213326863679
 0.04423820160340658
 0.364935484928755
 -0.09237643904628784
 -0.02649587632328455
 0.07167385470090569
 -0.2371025914819196
 0.02645197726198276
 -0.1882677506935977
 -0.08247962034035068
 -0.2953382089673913
 -0.2007059552232399
 -0.09067992077654199
 0.01678188994788126
 -0.1750742838758792
 -0.05920829338586311
 -0.1017113164197456
 -0.1602444061559212
 0.1073279312824908
 -0.09908166639006619
 -0.246582787790203
 -0.1015052580898564
 -0.1633981730004959
 -0.04311815661093641
 -0.003318583910349077
 -0.2011853196381228
 -0.1994207155482483
 0.03411457285347751
 -0.002613883514682904
 -0.3490121036033623
 -0.03379352380096736
 -0.1936135861199422
 0.1054064685043939
 -0.1857654284687563
 -0.2186650601021821
 -0.1037769559822595
 0.02752460926765947
 0.05274126894126573
 -0.299440702836708
 0.4028370980393907
 -0.3052124375189586
 -0.7136901678528218
 -0.361658255747878
 -0.175446186529485
 -0.01091142988776273
 0.780597944841937
 0.4695577802977115
 -0.08591179829258691
 -0.04328471262687376
 0.2148536572700813
 0.07946556341199119
 -0.1116593952498344
 -0.3801143436658909
 -0.4668239332625394
 -0.1114304737340015
 -0.9255677755612679
 -0.2662915061119194
 -0.3251140018869569
 -0.5197635249818066
 -0.434147926208735
 -0.2330468486073608
 -0.6496182307616712
 -0.08536100613978674
 0.4183973682050482
 -0.7215477025791215
 -0.01428335321469791
 0.3084920854408502
 -0.4388168265359187
 -0.06517435606853761
 0.3635059920896478
 -0.3681117468637012
 0.5807073890217118
 0.133914094741049
 0.1121751637761443
 0.1258249811961843
 0.1891546445741212
 -0.004848414866236595
 0.1781302332891741
 0.1826196541323662
 -0.2144224934201913
 -0.03448902284510606
 0.3639640571313664
 0.1985131119166005
 0.07804909886814521
 -0.6356592150784086
 -0.1740495749248177
 0.1201594400234885
 0.425254172689307
 0.4125846944040303
 0.1669280829355709
 -0.8556403796374462
 0.1089284402853833
 0.2900962350201733
 0.581129047974807
 -0.1261208400144975
 -0.5261908491228202
 0.2883596097248192
 -0.09937520344428467
 -1.057466134873439
 0.2098011326768636
 -0.1610265981761266
 -0.1912318418736808
 0.5063780099990065
 0.2369749625283939
 -0.1462910851946529
 0.3895667719399993
 -0.3060063400923554
 -0.1494268623830901
 -0.9839711721286588
 -0.508674454765646
 -0.5886018326928903
 -0.1090693622119292
 -0.1200864620924488
 0.8564108412900538
 -0.2863739900034439
 -0.1360211740200891
 -0.5895016505620327
 -0.7119946587176991
 -0.2815678628569271
 -0.458072682878139
 0.1114085465788783
 -0.5826269556202749
 0.1489045730824764
 -0.3644821346932729
 -0.08153267278292417
 -0.5973988031535636
 -0.2038333767399537
 -0.2198314429190301
 0.2340557178995369
 -1.242294164214753
 0.08821019037439212
 -0.07255352302693369
 0.1922132070913808
 -0.6640116656139488
 -0.8592127162236961
 -0.439801786639146
 -0.05550634675367352
 -0.05642543083178028
 -0.3320697473922178
 0.4244934427629412
 -0.3060716793738477
 0.1357345110146559
 -0.2718350295852482
 0.03726634005063752
 0.08636559004650836
 -0.9310613746617322
 0.994849559805484
 -0.02908909967342619
 -0.2719428984668567
 -0.4051937548742944
 -0.05261676204829591
 0.05027033287811372
 -1.468839222701031
 0.001187989022905665
 -0.1965836600889844
 -0.3110535925048957
 0.217659037565767
 0.1149701180459321
 -0.6712039532830641
 -0.6236374706672199
 0.3986263276699066
 0.1787731963342533
 0.2642348494633338
 0.2392857443605665
 -0.29807789164247
 0.1251649387585159
 -0.3726120765176912
 -0.32874864282703
 -0.1608261127400963
 0.05098208282191852
 1.048037103722619
 -0.6806376379368275
 0.3458613333258311
 -0.3907946788881259
 -0.1990540715312746
 -0.2852174475290741
 0.4215185226073979
 -0.3895429093273866
 -0.2407602583969035
 -0.3151166813122496
 -0.3344960007398802
 0.5385702702860631
 -0.8758311883947096
 -0.2813680728225774
 -0.4746049532762817
 -0.07730023700725654
 -0.6038411833557293
 -0.1612050959662149
 0.798785357948814
 -1.138701346056976
 -0.08765810411361055
 0.2081345719782809
 0.1069034660610808
 -0.2039771162216765
 0.0879759266915723
 -0.115627787327424
 -0.2003939481871386
 -0.03907196575428701
 -0.1901412841032007
 -0.5559157945477138
 0.03938016079581563
 0.01151444717672301
 -0.1542804754003723
 -0.02814380399109457
 -0.1566402673927072
 0.08117310873549685
 0.004835113755638959
 0.0005651261656910471
 -0.07308614196945065
 0.156568148505065
 0.09746243039098497
 0.2650336954024012
 -0.003975867715469998
 -0.02632561233832809
