# Created by Octave 3.6.4, Tue Dec 16 21:30:41 2014 EET <ilij@hp>
# name: player2_nn_lsizes
# type: global matrix
# rows: 1
# columns: 3
 9 18 9


# name: player2_nn_params
# type: global matrix
# rows: 351
# columns: 1
 7.852731029689798
 6.99990259929677
 8.217887539987469
 8.350886483547532
 8.724145731265866
 7.440392490420227
 9.41814228663695
 7.864911319484081
 6.95944623904459
 7.541421909536882
 8.026938484711366
 7.140087673512546
 9.228026364850692
 9.009433305011534
 7.100428809083343
 7.488657641211844
 9.40045072351943
 9.423074668875909
 2.333165124277077
 1.397314910684129
 -0.3503566484812081
 1.154444258684773
 3.175576895480584
 0.8930189478521718
 1.344153664186734
 2.626641760035398
 0.8498688559312013
 0.4789822502757594
 2.604407072775937
 1.229750507355511
 0.06230676742882965
 1.180842070672471
 1.425258955636251
 0.2630707317886599
 1.831798580167112
 -0.5563767797648289
 -1.291271216449235
 1.437601309235695
 0.7299206207860023
 0.9158624787183669
 -1.841402862221573
 -1.630874687805687
 1.440441545442563
 -1.36047194013065
 1.520192453495909
 0.739693083070351
 0.2191447796592952
 -0.4379271862133839
 0.3281079916886382
 0.6818094871782659
 1.467290132066003
 1.829444352383167
 1.608842507418245
 -0.6529693347748446
 -0.0745115277233957
 -1.6259433843777
 2.01349653611593
 1.258473510936669
 -1.474926596464621
 -0.1005781051984826
 1.722200830606658
 0.1085779426778445
 1.203372782636151
 -1.404998039796853
 0.1120076131806632
 -0.7797737264293509
 0.7420414926905261
 1.720789414653985
 1.544737596482478
 0.09738857023347294
 1.403698402727488
 0.7909282881840252
 1.929509246003569
 1.15236258232981
 -0.09463500735161634
 1.401371092367135
 0.4795312800993459
 0.4778209063018473
 0.8274619607349861
 0.4339463436587551
 -1.218568985116289
 -1.080556271958675
 -0.9974815280785003
 1.246095315562744
 0.6882976087438771
 1.040709917731834
 0.4178315097061755
 1.420820993132564
 0.610703953136212
 0.7925771019375862
 -0.6052834833138366
 -1.001655819042794
 -0.9504291566435575
 -0.3465980453389758
 0.01637089370343299
 1.069308147467405
 -1.247350141074905
 -1.430074819068452
 -1.590212366114369
 -1.77142948641068
 1.387016046042872
 0.4658580037519215
 -0.01726005536347214
 1.010738033521809
 -1.173020683765657
 -1.780165070217836
 -1.670798631006257
 0.755970942012649
 -1.809536722097953
 -0.8354311633782272
 0.3272905172265461
 0.02113144401469899
 0.3741468247734809
 -0.2212478164970267
 0.1335318524275995
 0.682435519939513
 -1.179272113428276
 -1.000421460408681
 1.62019904579203
 0.351838686754568
 -1.446542817543244
 1.162762413484142
 0.4130618206194925
 1.749977002903151
 -0.1339769508953084
 -0.7028871348282316
 0.05036842532123367
 0.7222401889291108
 0.8437744331558799
 -0.02814137301447982
 -1.168616268457265
 -0.5141475520698937
 1.587487741939513
 -0.03543756341300254
 -0.0541552155623034
 -0.4200456855745419
 0.447110392587142
 0.7422312443475536
 0.7636926392675518
 -1.433790205454562
 1.908825463654869
 -1.471574727548881
 1.26014115800016
 0.5182088891622739
 -0.9488686845546229
 -1.52183174899826
 -2.365904761505185
 -1.766441010226731
 -0.7389536058902245
 -1.501676520598662
 -1.649188175196215
 -0.3295038912872786
 -1.51381134137264
 -1.919261054345064
 -1.767217409164571
 -2.79967846796656
 -2.570890431208541
 -0.9376310729690511
 -1.502428318013897
 -2.623915918379845
 -1.388273375608247
 -3.281114371563831
 -8.700367334356676
 -9.577935918361661
 -8.446099323000912
 -8.226932318656415
 -7.781643756103679
 -9.174848221430908
 -7.154746876325522
 -8.70226615640426
 -9.660454134095312
 -9.075507494235971
 -8.481432015253151
 -9.399925565363786
 -7.364195112472671
 -7.589953638989352
 -9.474626743273724
 -9.091496289372262
 -7.162821443869415
 -7.165761507542194
 1003.307122045376
 1002.426019628986
 1998.508411486062
 1998.680817995763
 1996.938783458184
 1995.230132428284
 1999.73624080818
 1996.92768705797
 2000.136402167496
 996.9303071945902
 994.1449135644843
 1990.051037912907
 1991.591895114511
 1989.199278298091
 1991.765919627707
 1991.852574982341
 1988.638716927687
 1989.791144396232
 1000.579955022346
 999.9978000089652
 1997.025576987753
 1997.92099353401
 1998.621938771188
 1997.681783629907
 1999.145080951143
 1994.461955874929
 1998.438810024715
 998.488771609404
 999.5625082485517
 1996.306701434032
 1995.682539995257
 1995.995511043853
 1997.459877003359
 1995.255878687442
 1993.997210648507
 1998.67163504791
 1000.837621217685
 1001.529814084564
 1998.449187636457
 1998.219164454742
 1997.783799690045
 1995.47801585468
 1999.376225874076
 1994.569020388632
 1998.676501431531
 980.2709065127757
 979.6428906870581
 1960.226560296009
 1962.049462146526
 1961.54232769779
 1963.284888232787
 1961.560182576387
 1960.755406097406
 1961.72041866882
 998.7722635644481
 998.8021849584443
 1994.785822541704
 1996.046196597739
 1994.372101265469
 1994.878455349811
 1995.896162887753
 1994.502301639796
 1993.536600126576
 999.0362833653789
 1000.724330782663
 1997.504998701932
 1996.778231420064
 1995.597332386349
 1995.008638463392
 1998.04213507589
 1995.241143955774
 1998.065563830865
 996.5184826249124
 994.6730382135991
 1991.529878473533
 1988.975143070544
 1988.236105470556
 1990.450693722642
 1988.965098139049
 1987.75747068175
 1988.493127388663
 1000.358384733012
 1001.261206239981
 1997.521834260612
 1994.106939333183
 1995.875758750627
 1997.424303308275
 1997.270367267925
 1994.449573813563
 1996.359440684351
 1000.451890106119
 1001.989539377049
 1997.068182523873
 1996.703643661294
 1997.56101187089
 1994.837077661991
 1997.448553684337
 1994.044721647292
 1998.790538558229
 986.4357304308055
 985.4207760090264
 1970.846729903741
 1970.610281212709
 1971.16205261904
 1972.106923128522
 1972.314717624969
 1972.281975634103
 1969.976722701294
 1001.317811008025
 999.2623065547581
 1998.431842056914
 1997.436296485428
 1998.505592256724
 1998.165097872578
 1995.667253267402
 1997.000169699523
 1996.842858210291
 998.083087204649
 996.692281575489
 1991.732425888307
 1992.551550837262
 1992.859494492225
 1993.216167710239
 1994.832456978882
 1993.804163501176
 1992.560966097248
 971.817124938549
 975.1650232387868
 1946.357469013118
 1948.014425604402
 1946.208026971647
 1946.642457223883
 1948.834223651536
 1948.142346202308
 1946.461699194757
 998.165578949556
 998.4197807853707
 1994.927028678807
 1996.863245215607
 1996.315423095281
 1994.218940662194
 1995.167184151764
 1995.405170720201
 1994.890606189541
 1002.43269260098
 999.7066937745541
 1999.040895618032
 1998.664565014402
 1996.906780228802
 1996.667482425041
 1997.773324783086
 1997.411086341619
 2000.462681395158
 1002.920447586535
 999.6249667674125
 1997.590176226852
 1998.275236489327
 1999.072144198407
 1996.395987539555
 1998.78689486706
 1995.50543655177
 1999.19375399178
 999.360438298765
 999.635316321063
 1994.431765224992
 1996.293089025619
 1996.926083839612
 1996.832969556989
 1996.151739902134
 1995.692001105136
 1997.590841564883


