# Created by Octave 3.6.4, Fri Dec 19 20:48:04 2014 EET <ilij@hp>
# name: nn_lsizes
# type: matrix
# rows: 1
# columns: 3
 45 60 9


# name: nn_params
# type: matrix
# rows: 3309
# columns: 1
 0.2570278651005461
 0.4408833079606534
 -1.896272843033901
 6.181543710486022
 -1.182923327117577
 -0.4401569831252723
 0.2542576261550428
 -1.01357753340668
 1.595418918722214
 0.5412251713081799
 0.3617755927113272
 -1.428462815017568
 0.7677603264396893
 -2.0534512122868
 -0.5772047265353922
 0.5382415110410258
 -0.3449707050542966
 -2.005717282145318
 1.067255206632771
 0.1075658777780426
 -0.5083903886073287
 -0.4300957736732077
 4.044315518377353
 1.12283044375838
 -2.005716812615824
 -0.7646149156620212
 0.5083877665686861
 -0.6212934020198589
 0.06431223754102626
 0.09413859474897683
 1.992807629632722
 0.3406309471961634
 1.806791843258367
 2.72461357805566
 0.748915779160925
 0.5456291385982479
 -0.5178933918814482
 -1.903195805220522
 -0.6623834807768442
 -0.3301079905231273
 0.9240873340924105
 -0.06815472980809879
 1.182975430980868
 -0.4214923583086959
 -0.7522002758902576
 0.3862104914289254
 -0.0602775351371112
 0.4707886567460247
 -0.6695827864126777
 0.9965979385514888
 0.2106478730306151
 -1.820740805095495
 -0.2105730526530532
 -1.590069186366499
 0.8917623267682002
 -0.4214923617131985
 -0.662383480777424
 3.63843803318167
 -1.903195805200108
 0.3333247065177101
 -0.7024482707533192
 0.6594906301594867
 2.546021634706666
 1.085109522488507
 -0.1545265182568523
 -0.6593596664713262
 0.5305256393666763
 -0.681062682372669
 -0.901256091571525
 0.350128161188557
 0.4903083743485712
 0.4811984170320589
 -1.353654472909674
 -0.2860505145654272
 -0.4938570635495242
 0.5131656242742469
 0.4530877293697667
 0.006144302475611601
 0.3213785475844385
 -0.6624239760216758
 0.7884395695097147
 0.9892261645030328
 0.8593056949190686
 0.2567276663487159
 0.00614477321331308
 1.368667983831841
 -0.788432679965099
 -0.232395559325529
 -0.66572607419026
 -0.769504719032357
 0.0737690893853558
 0.4745077182051839
 2.90588528305008
 0.5422396257645111
 -1.021933551388186
 0.6949664941114261
 1.040871968922116
 -0.3037234704367254
 -0.3868230201545561
 -0.490063755686902
 -1.150639033872727
 -0.5369359789319897
 0.154408726357966
 -0.342171027120255
 -0.7747425395839059
 0.4737169298833275
 -0.5817713470885988
 0.4171382613676761
 -0.2469904177376102
 0.3358525654130056
 0.5846164918896335
 -0.2850173919675755
 -0.5728507493845714
 0.6557493779898256
 0.177241348903685
 -0.3421710175931261
 -0.3868230201542091
 -1.873684521700125
 -0.3037234697689409
 0.4110079859206311
 0.4221529788775736
 0.1827675936408358
 -0.3253627551842313
 1.118562048714117
 1.137568660713815
 -0.1835538618436723
 0.4366150667775064
 -0.8873943071004897
 -0.4642808682263124
 0.3739083204068602
 -0.6319885372917367
 0.5592689106551716
 0.3863922197519826
 2.257588785354444
 -0.5395501353510676
 -0.8647250114638932
 -2.028590725284031
 -0.7119198302992368
 0.2677261509780939
 0.6491359855153122
 -0.3852581373989593
 0.7421888105379291
 -1.577696313456695
 -0.9924166389921186
 -0.7119205237030665
 -0.3546749865584659
 0.3852984724542873
 0.7015986675652944
 0.516216761733294
 0.5317894419181797
 0.8530834426878907
 -0.488051874614965
 -0.1501106918170947
 0.9786476899572478
 -1.009908508939775
 0.2130664460103905
 0.4662407936507887
 -0.3642658328153694
 -0.2820609229807406
 -0.5193940669814452
 0.09507781005510255
 -0.4795590647960036
 -1.137571546022422
 -0.4110891296753662
 0.3238699102969202
 0.4781498054495708
 0.3829515811423779
 0.3008699072301513
 -0.4824514124824845
 0.3439525734501488
 -0.6318411354062662
 -0.2525075630877829
 0.5919827445354414
 0.2701345724506219
 -0.9859428609741061
 -0.4110891263944822
 -0.2820609229816003
 0.8521054086598649
 -0.3642658330193144
 -0.6036945146031837
 0.7597882658692262
 -0.6639419326701452
 -0.2997135385218626
 1.024010601272006
 0.0943627517103585
 0.6633690068346596
 -0.8907635267181112
 -0.4224555413448308
 -1.755008573079079
 0.6011024905886506
 0.2676927484459999
 0.8747575637434144
 -0.9517582821069026
 -0.2358987587732327
 -0.2344869016621061
 0.5063479108276101
 0.3804081297679937
 -0.3284453408473414
 0.5252566037726255
 -0.502857829131481
 -0.6300263560668214
 -0.4569214961242091
 1.099362400532469
 0.05341686376795104
 -0.3284454329831288
 -0.447936723161493
 0.6300947977660672
 1.598888863931399
 0.7859061352484686
 0.7019742433753273
 0.4602403431052963
 0.4944237064041946
 -0.7873535764247167
 0.1941296724440947
 0.4474161609627688
 0.689125076654824
 -0.3602764145356138
 -0.3249457251677472
 -0.4601597161834887
 -0.4743487098937137
 -0.06012011323135345
 -0.7877893410352061
 -0.09448319639460358
 0.6581251084328781
 -0.4517981675322895
 -0.745584168478962
 -0.492994560087856
 -0.699708185985553
 -0.8140247796367425
 -1.32763113256142
 -0.8282552470483934
 2.352924120678229
 -0.5885546634060053
 0.05059144808030937
 0.1232872381700447
 0.6581251054059264
 -0.4601597161844505
 1.071610418697632
 -0.3249457260080821
 0.4092770472378913
 0.1960603189220953
 0.1739454623059404
 0.005221016812192025
 -2.183526343349112
 -0.2870603346656054
 -0.1710046662560058
 0.4608783305711805
 1.948223382694372
 0.1698292470999583
 -0.5637881076515414
 0.384701112546098
 0.4496580942535547
 0.03624733694041028
 -0.785443812639504
 0.6089666559507206
 -0.4544575425499245
 -0.0481562713848542
 2.122820802854962
 0.3111562547218929
 0.09527717453537517
 -0.227798695147811
 0.4723852273692229
 0.8362529620553578
 -1.037478104382812
 2.122820792153979
 -0.2382949484339047
 0.2278759313651779
 -0.35968270849574
 -0.468065693049429
 0.3882401625367562
 -2.244182297961749
 -0.222391561226636
 0.2883690566765307
 -1.078969817701269
 0.2978084836231642
 0.01079491985602925
 0.04392164707855566
 -0.4146706849035591
 -0.3762000659442367
 -0.2597018258324676
 0.4468596584279994
 0.4271924250186682
 0.2871758344878999
 0.5780317637462565
 1.190070515139943
 0.2507007686393536
 0.4526235347061372
 -0.5993282742626707
 -0.2626792596066625
 0.3707743407134154
 -0.5091891939239396
 -0.5263234452235666
 0.3898078635797479
 0.4130252163100791
 0.5010897681753989
 0.5780317481431022
 -0.3762000659449155
 0.7597470553037893
 -0.4146706852231342
 -0.387802580482026
 0.6536669483586588
 0.3629428096844395
 -0.3830177223372871
 -1.577385349162726
 -0.1784271335543375
 -0.362848864325234
 -0.8256743537277458
 -1.071779869243639
 0.321311074040503
 0.5567272780579607
 -0.7946289882111464
 -3.105311122722563
 0.5484957956626724
 -0.3052861820598085
 -0.1534789007568544
 0.5004636951698783
 0.889965574108681
 0.1610884290311702
 0.1123632784875034
 0.7157669379112539
 -0.9083306102522806
 -0.4064920586693514
 -0.5337315694384355
 0.09991646772937558
 0.161088884229452
 1.020631402697526
 0.9084062098790464
 -0.1325028775607715
 0.7455679863299053
 -0.2762686943384027
 -0.1391239037158221
 -1.190596311529569
 0.1290034624254298
 -0.1744943332283172
 0.4155651088300903
 0.07257360815429209
 -0.8032525194370544
 -0.385787061590337
 1.040054332122917
 0.8941967878797498
 -0.1500948883321643
 0.7806815024282213
 0.1784656120078524
 -0.2570771292878941
 -0.7397924542358694
 0.5603073410335865
 -0.7106891100572315
 0.3303513882517978
 -0.3143548974668849
 0.782202902355626
 0.556929267009511
 -0.3101361609678971
 -0.5966075315031256
 -2.899313791516482
 0.3391320653149789
 -0.2570771310215509
 1.040054332124565
 -1.424166738882803
 -0.3857870622813067
 0.6069838794107516
 -0.3697680915105354
 0.4303520249826319
 -0.4249975531714877
 -2.419829668316675
 1.004796935508159
 -0.4303676398871206
 0.4018815146721056
 2.881788669325907
 1.081014074274532
 0.3027688169842709
 0.414118995191449
 0.3942126602693385
 0.1293587103181642
 -0.8293803039335734
 -0.5152511768027077
 0.6344600274392115
 0.3384198888838853
 -0.1247076755599694
 -0.6200510109759151
 -0.5535373403959015
 -0.4309130086272073
 -0.5415967134113234
 1.070578857140178
 0.3305837526788376
 -0.1247080356782935
