# Created by Octave 3.6.4, Wed Dec 17 21:21:12 2014 EET <ilij@hp>
# name: nn_lsizes
# type: global matrix
# rows: 1
# columns: 2
 9 9


# name: nn_params
# type: global matrix
# rows: 90
# columns: 1
 -2.223287450221571
 -0.8658616924129506
 1.187259681120929
 -2.319818898177286
 -1.603295164022719
 0.5360706732690164
 -2.419373686219985
 -2.115024154854257
 -2.017591507535202
 0.2161077895031571
 -0.3624137234324595
 1.379869180861973
 -1.543682690345276
 0.7977877469636092
 0.4131936503962467
 1.144161736092093
 -0.7429400359932002
 -1.209792363156373
 -2.35555587689811
 -0.5428935328986976
 1.456924860424876
 -2.126074643836487
 -1.009659458217795
 -1.264124434106655
 -1.884326612943511
 -0.4702718105194006
 0.1446054402227416
 -0.5672644798811043
 0.3832160538796139
 -0.5494722016558984
 0.05865910577682815
 -2.575490627000069
 2.035647411287759
 -0.5463655200679723
 1.927086561288355
 1.006785772771664
 -0.4767407798938956
 -1.539861842792131
 -0.6062023299420304
 1.454465200490545
 1.795227884527324
 1.764776775872132
 1.565364137427398
 0.6436109138020998
 -0.2534486335665544
 -0.5291480781140172
 1.054055588702204
 0.9761169051695396
 1.868783087371251
 -1.893735935852701
 2.351495010613975
 -1.709710809072766
 0.8957065680663292
 1.963974109102673
 -1.128678648851089
 -0.4491828448690189
 -1.083218819310844
 -2.396936745634485
 -0.6415579300993878
 0.1063127032660025
 0.2216699021538161
 -1.696278590324711
 -1.322365112652617
 1.313045953243816
 1.214161739914073
 1.942701117967696
 1.225397359968111
 -1.830360706328982
 0.7477196003090183
 1.362338290654317
 -0.97550648998739
 1.212901981798113
 1.439972300435723
 -0.7432215115000793
 1.218636498154051
 -0.2726842458922243
 -0.5453861886635235
 0.8800433980651227
 -0.02268483022899823
 -1.408967541612488
 0.4378224127001651
 -1.193262618156912
 -0.6698223659975689
 -2.154704918552246
 1.04046477917376
 1.873651747071336
 -1.948801589752023
 0.4537263045230263
 -0.457069447027152
 0.4824049129607956


