# Created by Octave 3.6.4, Wed Dec 17 20:47:05 2014 EET <ilij@hp>
# name: nn_lsizes
# type: global matrix
# rows: 1
# columns: 3
 18 30 9


# name: nn_params
# type: global matrix
# rows: 849
# columns: 1
 -0.08566980914486751
 0.4638859959915151
 0.1788357827529532
 -0.576843272633583
 -0.2117875376746533
 0.2799421655873419
 -1.591876621815615
 0.4319481468629909
 -0.8725898212661424
 0.4761409295229106
 -0.6619696674792253
 -1.007143680852469
 -0.9836117441370676
 1.036740404651984
 1.092931469335263
 -0.5280637594584144
 -0.5104157856912981
 -1.299131713330448
 -1.749970888771382
 0.5639597116640901
 0.7622656369741533
 -0.3051353578799863
 -1.435821873045671
 -0.2857663302797193
 -0.09350727176951595
 -1.451448795864884
 0.7569617414192016
 -0.7781106254957151
 -0.1267280560336072
 -0.6644394697473804
 -1.293965304000985
 0.8984926344788993
 -0.588463438311592
 -0.3240625745897707
 0.5510758842665842
 -0.2467667590612809
 1.00127443477019
 -1.409466558312092
 -0.1356644546622531
 1.19726668084974
 -0.9010560098912368
 -0.1896399636310917
 0.1172798419253653
 1.201077466232575
 -0.4822823949677842
 1.299941201167487
 -0.9861624997533044
 0.1676411955935443
 0.9478089782336941
 0.04798028598291366
 0.5435018520499917
 0.9290727311514901
 1.037661643231084
 -1.127874884584985
 -0.2774312274788638
 0.6947683093603644
 -1.144376766090249
 0.9880402191258879
 -0.3613041038991947
 -0.1757956806111434
 0.4765351763528781
 0.1799728681396495
 -0.7947653656133347
 -1.318667616352625
 0.4042099510533284
 1.098306206943538
 -0.8239396491883308
 0.657748035692295
 -0.4514342272294589
 0.6939495548201121
 1.23493444332927
 -0.8954546973731355
 1.279862016856014
 -0.7586276224701641
 -0.6290633843267266
 1.01555518402482
 -0.4300303555769304
 0.9610362749277706
 -1.230854244893137
 -0.8915347375452526
 0.5393381547154317
 0.9348460219816465
 1.181637062497281
 -0.8966693108226333
 1.042764773220622
 -1.489412189823261
 -1.359294570063155
 -0.8118917758100894
 -1.355996241287392
 -0.6888603387060476
 -0.482194207795085
 -0.7540818864829277
 0.42151981443734
 0.2733803143720553
 -0.518477063782128
 0.5963778464916852
 1.169211959630268
 -1.086330570039965
 0.4232590746001607
 0.5913350378333845
 0.2408011996029618
 1.234015314551786
 0.488653577610168
 0.5000420541768119
 -1.622957614807861
 0.8880281275501657
 0.3578616416108422
 -0.3402669057767489
 -1.417454144875777
 0.9361130934587942
 0.2955313733229295
 -1.412945187969711
 -0.4139174149267213
 0.6629307761377463
 -0.7868878815484189
 -0.7126249051565311
 1.388178634817109
 -0.818705604550968
 -0.8796530221996611
 0.5392023899057246
 -0.1103020036368133
 0.8530833234208182
 -0.5416307627164779
 0.4185751190079854
 -1.166125054831195
 -1.109704504482778
 0.2249999332385568
 0.3623805160498765
 0.5449145499740262
 -0.7507021497466516
 0.8616972660045663
 0.4247281146518898
 -0.8138668232706751
 -1.197194086906879
 -0.6283277008872641
 -0.90874872393644
 -1.131529073917336
 1.071801640193494
 0.2545347955553722
 0.8586432552214134
 0.9147332585622046
 -0.5485697763318125
 -1.466611822157458
 1.588113824591406
 0.4714789544413998
 0.02168750482655711
 1.408782500335615
 -0.9394691750264057
 -0.3112232329617918
 -1.200733454062642
 0.5803200868795857
 -1.293905421648746
 1.390959550280805
 -1.966560473442887
 0.9074677499569955
 0.3639850608654931
 0.3991259075420692
 1.016749876726899
 0.4622445883147663
 -0.6207250817310913
 1.518338015287254
 -1.355156364048415
 -0.4999560409367272
 0.3076787206309839
 -0.6542446641391958
 -1.261729103066218
 0.2911585523298376
 -1.73905056282238
 -0.436990130658849
 0.660871768345217
 -0.85105991915282
 1.583439139406477
 -0.02308284179226156
 0.0499761724800676
 0.9270386673456906
 -0.06579580355383859
 -0.9057572853639506
 -0.05158552220403027
 -0.9631679890118493
 -1.453262994206939
 -0.9477639371839596
 0.2206997795192083
 0.8293176091607805
 0.1570845827738301
 0.00428635966285312
 0.1655539173684243
 0.995417925038939
 -1.351399120399342
 1.049808317178689
 -0.8063426732678497
 -1.125604103637557
 0.01219220175924273
 -0.7864631486089628
 -0.805893373810856
 0.5075835055670319
 -0.6416181819673757
 0.4184103100861074
 -0.5121772546313369
 -1.356273589202118
 0.05306694586647714
 0.3415713007871805
 -0.6319031104502341
 -0.5651827111915884
 -1.191635996431411
 0.4797723406466282
 0.047348614375557
 -0.7696349344488962
 -0.6392873234423541
 -1.241946742940325
 0.2388229949062689
 -0.2947184646703533
 0.7029304624859372
 -0.6492226824460418
 -1.258333435909831
 1.100795776222651
 0.9479884616595426
 0.7363707926122
 0.6768793008481363
 1.124831019510444
 -0.2195881609193698
 -1.047451278540362
 0.4730341292286307
 -0.233117504300519
 0.7949328262537659
 1.432410327836805
 0.6715252772610016
 0.35273579457596
 -0.3143287829527367
 -1.614983408860539
 0.7858927377406324
 1.131513253132299
 1.330530800700591
 0.5575276375657369
 -0.7399792371153681
 -1.272019194771144
 0.9306568492915945
 0.9327399509081268
 -0.6737051331091468
 0.2393605627382129
 -0.9520719194197172
 0.5645530457375005
 -0.2060201043067498
 -0.3976941313138513
 -0.4666980563887819
 0.5894191251046016
 0.7578058903119606
 -1.004498706311229
 -0.3576189401258984
 -0.5782079572443224
 0.4128821512277951
 -0.4238455489546261
 0.09202813536268083
 0.3219017563897223
 -0.372265521987434
 -0.2889424674155288
 0.2732128487209936
 -0.4956907885309389
 -0.1104618662967105
 -1.215719902252428
 0.1551107967000004
 0.6561361860131992
 0.212861935174927
 1.033012279140141
 -1.129027602785396e-06
 -0.9242696546702276
 -0.9558473678197862
 0.6375056654298197
 -0.7513775294683805
 -1.270325732490464
 -0.02755406760225945
 -0.4294428193687875
 -0.3930270425267179
 -0.9546250168460324
 0.5169256371508723
 -0.6254854370559605
 -0.7298372758160442
 -1.499393623669392
 0.4354103926745839
 0.7326948766632918
 -0.3276785551345136
 -1.418128982855595
 -0.008084439191464309
 0.1174168347934759
 -1.213886722504629
 -0.9184376132070602
 0.8495436910420326
 0.6858540856870142
 0.5141119111202264
 0.4966893423643265
 -1.069149781735002
 -1.387428215472857
 0.3897692438439166
 0.08943947098885982
 1.370481534504676
 -0.2846542274604352
 1.083250724828807
 -0.2610405055501226
 -0.2156874480283071
 -1.071458225506333
 1.586979477409782
 -0.7103755890150704
 0.333158745720775
 -1.115230888864399
 1.336373217543549
 -1.048010709610261
 0.2009523834569487
 -1.091912068339028
 0.3451241318046773
 0.6391119554610023
 -0.2895228009818576
 0.503408400056698
 1.301264718073176
 -1.024442493829902
 -0.8690430811439234
 -0.966957110871733
 0.668894663885654
 -1.214514264086028
 -0.340851938533564
 0.5070022659733155
 0.09338985324067188
 0.08111590083093857
 -1.403039453523309
 -1.233561981385505
 -0.4187719291777678
 0.9887162165540032
 -0.1504539303123477
 -0.618090970508258
 0.7233767475876905
 0.5047504120630879
 0.4219356158736579
 -0.9702935920235412
 0.2167132208679036
 0.9074374727064402
 -0.7912620397099144
 -0.1661045229648101
 1.188984554781128
 0.05168650441702457
 -0.5503770520373304
 -0.1709226359116182
 -0.629544675063209
 0.7578601276619703
 -0.01086820452838306
 -1.292555273443758
 0.9391876269791658
 0.1200065569082319
 -1.705446876816721
 -0.8256586278048802
 -1.976302173770935
 0.9521349595982409
 -0.0222326683319408
 -0.4534258588265511
 -0.9706092066419538
 -0.05874345078765036
 -0.04470659797000497
 1.00723822043029
 -0.9570184967573642
 0.5277241795758431
 0.1057592582245157
 0.09284784308899928
 -0.0488423689117833
 -1.292939886788506
 -0.5205284792174422
 -0.1198129381848475
 0.8718916465785422
 0.7076362322819898
 1.332904241554107
 -0.3650483449018792
 0.7343987650145324
 -0.6743841396390239
 0.5142484042981067
 1.368072704790857
 -0.3506637194454558
 0.6259055533463919
 1.124963675604878
 0.4770689717905603
 -1.388766070137463
 1.056620694134101
 0.8164342693835378
 1.497341315357764
 0.8026065250190288
 0.1956028089658033
 -1.321365356994807
 0.1552880806118954
 -0.6423226157813277
 -0.02935516922570569
