# Created by Octave 3.6.4, Wed Dec 17 21:36:47 2014 EET <ilij@hp>
# name: nn_lsizes
# type: global matrix
# rows: 1
# columns: 2
 27 9


# name: nn_params
# type: global matrix
# rows: 252
# columns: 1
 -1.623643260121288
 -1.116136624020169
 -0.8080807420018795
 -1.331505567063214
 -1.457128040751489
 -0.9349245129365992
 -1.666124567471206
 -1.773452443994815
 -1.316002224879743
 -0.9434844441735194
 0.5862287072538158
 0.8557922906711203
 0.9166757592373634
 0.7812864769694499
 -1.073340340127604
 -0.7481129246392207
 -0.7580711542404901
 -1.421525614773497
 -1.768184381669512
 -1.907349881504092
 0.6317876718553155
 -0.5657977790048393
 -1.093509919975452
 -0.2526422692437242
 -1.992372733467794
 -0.5249106013067757
 -0.3743900903092158
 -0.3111859367331378
 -1.517607881541758
 -1.688852561354637
 -0.2692232146453701
 -2.055618277557256
 -0.2636039366854653
 -0.5006863436624034
 1.162604088986769
 3.495953084897622
 0.8755372259443113
 -0.4265243849073271
 -0.405991682179204
 -0.3150511045485673
 -0.8576903135100001
 -0.4938500363002139
 -0.3740642223632724
 -1.730830062292227
 -0.6295075171823956
 -0.255721167677153
 -0.3517697133586295
 1.029999413639551
 -1.393165626451396
 -1.666059767761413
 -1.90745578426788
 0.347254443084146
 -0.0303902839365908
 -1.687883802415687
 -1.34192360345059
 -2.284425845836318
 0.1635692377900962
 -0.5034002861618925
 -0.7039119936086999
 -0.7566525805647463
 0.4419337855869929
 -0.1965296803190075
 -0.1980314200237359
 -0.6540123264851188
 0.2921426599833762
 0.538233381771404
 1.336748036467667
 -1.31374949251319
 0.7065500819104447
 -0.5038033495830219
 -1.0082224192256
 0.1594987490534163
 0.2607158958791806
 1.213623863536118
 -2.220051749159114
 -1.233707463947111
 2.010498347383807
 0.2261288808537962
 -1.190241041126479
 0.03417714034129422
 -0.02008195133400459
 0.4524259229862371
 -2.022556483578752
 1.651186496444061
 -0.5261778081412611
 2.307544012810657
 -0.2225099475085241
 -1.226545630346434
 -0.4276042149493839
 -1.41503198894948
 -2.771359711681074
 0.7754445804262147
 0.7589011197283306
 -1.995293141061459
 0.5360715636557243
 -1.776883143627332
 -1.642502051587477
 -0.8439707595064992
 1.848299572039942
 -0.1976934519608266
 0.1349112291048469
 0.7116630466168602
 -1.783689047683074
 0.2291274269983317
 -0.5034362841827922
 -0.5381604478056556
 -1.75967105437458
 1.360825452808349
 -1.117264052886431
 0.2340852355803655
 -2.653449590210507
 -0.01992692418779165
 1.444080174509129
 -0.6595679635949026
 -0.8323775309969677
 -0.9355442638474822
 -1.875425080682239
 -1.208373785356452
 -0.388195451744682
 -1.049114551744508
 -0.6066294829717683
 0.1104019897356384
 -0.008461630209127708
 -1.771841536967271
 -1.99992412198066
 -0.1618865911142566
 0.5084520969204349
 0.2273127831422464
 -1.979292391087281
 0.3603292608837869
 -1.552286494761004
 -1.322567723091094
 -0.9869687414671758
 0.06061026796698143
 0.1122286405942506
 0.9455383807872675
 -2.470752395192271
 -1.967710508859739
 0.1499108514224734
 -0.1155526123689022
 -1.181775917966251
 -1.661859453345675
 -2.148029917659225
 -0.3135764908399601
 0.6585827879580951
 0.5569277829039609
 0.02285332944142186
 -1.228457855793435
 0.3713875689074793
 -1.594165306557367
 -1.925008827473601
 -1.152984095024671
 -0.6631680330189992
 1.007175460663486
 0.8585574337405665
 1.705340509214063
 0.002693155195108659
 -0.7704328633814377
 -0.8512698799385233
 -1.482849340999618
 0.881047232498017
 0.9871699308143681
 -0.6336704147620187
 0.6353720060218663
 0.2228706784745793
 1.153207430641086
 -0.01878365475763613
 -1.170615754795772
 0.2320833186535187
 -0.2938630694103888
 -0.5977796373403335
 1.439211418278393
 0.3182312382882254
 -0.3599464273341653
 -1.894909465057373
 -1.44854180309047
 -1.54947545290735
 -1.027203887899858
 -0.9811074125288819
 -0.990647849002095
 -0.6333135567007174
 0.5862553047599066
 -0.03990822018256629
 -1.817946453036086
 1.278159620990422
 0.9886616440431211
 0.734695508064399
 -1.332090732477591
 -0.3213131805144462
 -2.670258245223314
 0.06992377641624492
 3.764880271007383
 -1.948988381276537
 -0.4084517386229396
 0.9064302444269484
 -0.2608398249364287
 -1.548783768388974
 -1.651006792668919
 -1.821471657509108
 0.5298059100044251
 -0.4764149907642625
 1.360746574563902
 -1.470856500414471
 0.08496472207481766
 -0.4394303609809957
 0.03626960726669539
 -1.325763046993734
 -2.18412340003845
 -0.3170254633512694
 0.05200825665850357
 -2.203866027919083
 2.271035999865723
 -0.06322363267631269
 -2.130798161361035
 -0.5188163179830353
 -0.3666529732885353
 -2.097922960687644
 0.6681391548734177
 -1.603224978724823
 -1.312875963664282
 -1.468876656534191
 -1.262370200784201
 -0.7971427191058353
 0.9594715982081481
 1.206883744622078
 0.1529536028825292
 -0.1682642206316776
 0.1873926437493335
 -0.2290083131515563
 0.4521764485350993
 -1.614481619473354
 -0.5178099962568081
 -0.4057509662486403
 -0.436265165919401
 -0.1756676025718413
 -1.624404075075547
 0.5876169205640784
 0.9555881273610364
 -0.4938157729610864
 0.7309745650268863
 0.5232417701630443
 -0.2328670490462441
 -1.698085872870832
 0.7946362471789417
 -1.445969349544624
 -2.08925759470955
 -1.182328822762538
 -1.405322678634313
 -0.1734265898363634
 0.6002134474063096
 -0.06161800385579069
 0.3013905153088225


