# Created by Octave 3.6.4, Fri Dec 19 20:44:02 2014 EET <ilij@hp>
# name: nn_lsizes
# type: global matrix
# rows: 1
# columns: 3
 45 50 9


# name: nn_params
# type: global matrix
# rows: 2759
# columns: 1
 -0.675734181886814
 -0.5401473319066831
 -0.9361538385011924
 -0.9612970905560295
 0.3685933625444545
 0.8869236669317315
 0.09758222739772207
 0.3720285573956783
 -0.3178434929620795
 -0.4116386189103703
 -0.7461161410321322
 0.4733097004667536
 -0.4999601806025576
 -0.2991227500045736
 0.9428578526457994
 -0.3356708012283489
 -0.7492831160291272
 -0.7653897622549556
 0.1878591441221314
 0.7737113637360414
 -0.3815947517341219
 0.1712115003957839
 0.6729290511380579
 0.09331939222308706
 -0.6177764081401581
 0.3490999658108989
 0.1105522145399122
 -0.5467924184205906
 0.9743376365324421
 -0.005798202972334424
 0.1841168485863984
 -0.3595127575414481
 -0.8244383243206159
 -0.0372422188979258
 -0.1808549886944643
 0.006286268088092834
 0.2952073734054775
 0.1492119449472333
 -0.8495499978991302
 0.5573624077100753
 0.05592690980695899
 0.4827024540644138
 -0.9825019714177918
 0.9754587627096014
 -0.05202027695970973
 -0.7894056235171497
 0.4903746966179646
 0.3585490566685571
 0.9059131313463024
 0.0524420777423236
 0.3657738493863505
 0.3416739677435
 0.06961030767053847
 -0.08066828915500619
 -0.6495778099691374
 0.0006093834822704911
 0.5838676420148335
 -0.5728311474716479
 -0.3943036600361188
 0.5552443868470223
 0.7050255327728649
 -0.3406117772337854
 0.7873522954986312
 -0.9890899721329327
 0.111056844523242
 0.1254585167004318
 -0.797137942711466
 0.9524336001680211
 0.03168432415271411
 0.3050596242142437
 -0.3659656398515976
 -0.7732859971889464
 0.4880589912731745
 -0.7396943449061807
 -0.324794457891906
 0.01292071346449231
 -0.711033412856086
 0.5442482873782808
 -0.8772603883551336
 -0.2375287039850978
 -0.8077782601968544
 -0.297185730079589
 -0.6941658812195286
 0.3274423762297313
 0.9571577905451302
 -0.07207623535610604
 0.6893175076767614
 -0.5381497033392292
 0.3722184147977045
 -0.4989946854319893
 -0.04782071990426053
 -0.9338431157155922
 -0.3640411231297966
 -0.1524250574853535
 -0.3618843763195607
 -0.251942643188786
 0.5444699040534723
 -0.1118777584323253
 -0.8519215362653692
 -0.004152028724819022
 0.9635542226014865
 0.8578593910493958
 0.6502851416873034
 -0.7880465387469137
 -0.6096040744874325
 -0.4629178362829304
 -0.6695132778297933
 -0.1094795710329882
 0.6746974208347948
 0.6412420238357166
 -0.3416297801841508
 -0.418421622575048
 -0.9506501231097014
 0.373937478910337
 -0.4389845366903855
 -0.07793422142441868
 -0.1190444827612595
 0.9907154169668346
 -0.2097779701171062
 -0.2627607043299841
 0.4577545370163699
 0.4265978374563099
 -0.9591922644499595
 -0.7059896653254422
 -0.6734484291750173
 0.1547543368121475
 0.5357460929116411
 -0.162136803705478
 -0.1810678079761461
 -0.2968764830962754
 -0.6993505437564114
 -0.6102355622255934
 0.5435537105001808
 -0.4797092864923682
 -0.01921118035611623
 -0.07791596809034343
 0.1059067048118055
 0.5707733206446967
 -0.8723465411337545
 -0.1184682635189224
 0.498556784697095
 0.2141736422935631
 -0.520682377914355
 0.1096859590791995
 0.07573035450666388
 -0.795493051481752
 0.7867321469876415
 -0.7935956648205887
 -0.9073942600164441
 -0.002555257298681727
 0.986783158585984
 0.6874162454426097
 0.2368416692102242
 -0.9653655137121607
 0.4809837977101256
 0.8414427820425063
 0.8652121967681945
 -0.4001810882793404
 -0.06315323587391242
 0.1358538127115163
 -0.1665002318870564
 -0.7152459388850944
 0.4603686992380426
 0.4926703001963446
 0.05723683943061968
 0.4874539699235101
 -0.2100312440688092
 -0.8562920903637202
 0.1048682365991922
 -0.09139265179597487
 0.5542231303510099
 -0.594627853361277
 -0.9665571677685313
 -0.7935123509547215
 0.6314787847782085
 -0.7315911850631791
 -0.4169052696682045
 0.7424175744712569
 -0.3153596310892091
 0.4817754145576711
 -0.174106987724695
 0.2331847134509438
 -0.2622207746053948
 0.08328082992476132
 -0.2527090678602261
 -0.9022539366527808
 0.2277195425750625
 -0.4673106320734061
 -0.2911956530221723
 0.3137389363589914
 -0.0874985909836358
 0.03530173081733078
 -0.4458933093327864
 0.07193105198978184
 0.6649185551552524
 -0.6466367060799297
 -0.3160259315271797
 0.1214039401270742
 0.5179455227598816
 -0.9310572546561819
 -0.3697001020008513
 0.850217523631139
 0.07327334393700909
 -0.05345178851605311
 0.07238403708809545
 -0.8026532252972879
 -0.2232777394925028
 -0.04348114334378681
 0.4772864459160129
 0.03002871451506438
 0.3776043041485129
 0.954306052270728
 0.4538733547176442
 -0.7990297628113943
 -0.7771945892114551
 0.4217073194865229
 0.5906672554632385
 0.8947911793701738
 -0.4830540854854373
 0.2761502395059625
 -0.3825512209905318
 -0.08153660985450135
 -0.01077260716526297
 0.7723060042270807
 -0.8653328512610273
 0.3196387082449391
 -0.8327508494563827
 -0.6275746482674673
 -0.8874720563344426
 0.9205566865562822
 0.08015729507631129
 0.02490018117658297
 0.8457128704109274
 -0.9194403949683734
 0.5240265405522403
 -0.5499125568974894
 0.6167751949725444
 -0.09787352209887244
 0.2336570641341045
 -0.1702345097441886
 0.2348102559373018
 -0.1694215840745701
 -0.4897466389511176
 -0.3976702153303209
 0.4716298098874825
 0.573966205514954
 -0.6305637669604902
 0.6165812709977775
 -0.7419789443640092
 -0.3256705616932679
 0.1123208373966815
 -0.1089918233324289
 0.6626647829391688
 -0.8462293098416589
 0.3201354377340808
 -0.8993115301444859
 -0.7271314356583276
 0.3309724481403682
 -1.010083890363016
 0.1707666027922556
 -0.1075347404707076
 0.8475272702534922
 0.07487901875560099
 0.7698002556376666
 -0.6747388445986171
 -0.2666446294915188
 0.4731667162420368
 -0.7943465225556166
 0.008580637202986805
 -0.8600529971025266
 -0.3947613697070085
 -0.6714835995598689
 -0.1087620948739959
 -0.3920423183801529
 0.2043937077954872
 0.7571809536937518
 -0.3470202539478046
 0.2982832615524372
 -0.5415765409506457
 -0.7337793661772575
 0.1115707432201144
 0.6859666378311402
 0.1591128727342443
 -0.02594248187926461
 -0.2764308484115704
 -0.1656248554015361
 0.6302298821005627
 0.1130442323938779
 0.5034683835036297
 0.1312352114394191
 0.8562838624134735
 -0.427827076931846
 0.1492550861334554
 -0.4765180089646226
 -0.866130756862196
 -0.9754562575246759
 0.6539019225753722
 -0.03779131478058674
 -0.06137951378220262
 0.500028093119197
 0.1939685691812344
 -0.02382028614963154
 0.1377159883857725
 -0.06346722854769093
 0.6523641561693906
 0.4310147700239332
 -0.5016787255412634
 0.7254328376456255
 0.5317288633952254
 0.3949215414380666
 -0.6508647376569052
 -0.4435198457360476
 0.2726957819307122
 -0.8209602432644453
 0.650187537026836
 -0.685032128069437
 -0.270567072548575
 -0.28258908933474
 -0.437305080868448
 0.5041494516247007
 -0.8034687254499677
 0.6249591068037349
 0.734607837539188
 -0.8043540124996497
 0.6634288359907554
 -0.779702488395284
 0.9193024998074574
 0.2126785234522367
 0.2549690866360528
 -0.4368530849550681
 -0.1340039628757572
 -0.812329141682528
 0.3121619183278878
 0.7915198163026971
 -0.3598414027355707
 0.1389437343903621
 -0.3844228941383135
 0.6202174525706232
 0.3025757310236282
 -0.240384718171527
 -0.469855133762527
 0.4153501749241195
 0.7277465489789121
 -0.7021906769045315
 -0.8187479288490636
 0.8361873908636094
 0.3373579600042255
 0.3629684279506996
 -0.1004613745932505
 0.7314282132634284
 -0.5554314331125161
 0.2349753620986882
 0.01804700640323769
 0.6759166457747555
 -0.8472987752535567
 0.9477403831056357
 0.44563225512716
 0.2688445454922336
 -0.3255279534533441
 0.356810161927213
 -0.6603111123703632
 0.8917722599005143
 -0.1951802138536946
 0.1928847578511678
 -0.3293914865253732
 0.8117933041978771
 -0.6890836996601025
 0.8563872685892022
 -0.1204667874821589
 -0.1118817734027925
 0.5497407479257566
 0.3384202580172779
 -0.3136334759554193
 -0.8699332571938728
 0.1080430036535384
 0.2620596161717034
 -0.6562859083283513
 0.5432861478513387
 0.1006893087951399
